"LSDeaths" <-
structure(list(class = structure(as.integer(c(1, 2, 3, 4, 5, 
6, 1, 2, 3, 4, 5, 6, 1, 2, 3, 4, 5, 6, 1, 2, 3, 4, 5, 6)), .Label = c("V", 
"IV", "IIIM", "IIIN", "II", "I"), class = c("ordered", "factor"
)), age = structure(as.integer(c(1, 1, 1, 1, 1, 1, 2, 2, 2, 2, 
2, 2, 3, 3, 3, 3, 3, 3, 4, 4, 4, 4, 4, 4)), .Label = c("25-34", 
"35-44", "45-54", "55-64"), class = c("ordered", "factor")), 
    Deaths = c(19, 36, 66, 21, 36, 6, 27, 62, 143, 43, 125, 15, 
    72, 166, 387, 95, 253, 59, 164, 492, 752, 219, 504, 77), 
    AtRisk = c(1956, 5754, 12189, 4169, 9778, 2679, 1379, 4515, 
    11160, 3139, 11671, 2644, 1377, 4084, 9530, 2456, 9114, 2095, 
    1289, 3851, 7410, 2240, 6341, 1397)), .Names = c("class", 
"age", "Deaths", "AtRisk"), row.names = c("1", "2", "3", "4", 
"5", "6", "7", "8", "9", "10", "11", "12", "13", "14", "15", 
"16", "17", "18", "19", "20", "21", "22", "23", "24"), class = "data.frame")
